.Random.seed <-
c(403L, 10L, 122834241L, 1159221296L, -1957369266L, -1781985607L, 
-693224757L, 954276730L, 1186753148L, 1261027007L, -1265358955L, 
1682685868L, 237567362L, 234865501L, 182996567L, -2094658242L, 
2121678200L, 681717339L, 1978993081L, 1683356680L, -548829514L, 
-318745103L, -1629672413L, 1790370930L, -1601259836L, 1096732807L, 
1317925981L, -1059538348L, 340914298L, 447730629L, -209500897L, 
-1863301978L, -1694280144L, 64163027L, -454876431L, 1110471200L, 
1853076670L, -576356151L, 1534984827L, 1384269898L, -582977364L, 
-202874961L, -1299674267L, -1689771748L, -1457976974L, 1412897261L, 
-620712409L, 1897561678L, 84304552L, -1997266773L, 1897621961L, 
-1019337256L, 1631360134L, -967427743L, 50961651L, 1809343330L, 
1681583572L, -1104926505L, 1558723277L, -553891228L, 397377610L, 
-739023435L, 1040304399L, -1496943082L, -901787456L, -1210759549L, 
-354164063L, -42146672L, 1107488622L, -1869453031L, 143370667L, 
-1055365222L, 2092300124L, 675948127L, -1156467147L, -1799686708L, 
103634210L, -2059419779L, 582898807L, -372069986L, 769654872L, 
1414372795L, -1968401575L, 703078632L, 6955286L, 720994961L, 
-928239805L, -260584878L, 1959836900L, 857057063L, 164021117L, 
1608185460L, -596989862L, -1619586907L, 737366719L, -1682994874L, 
864542672L, 663525875L, -1834420975L, 1854845248L, -794943202L, 
1383192041L, -261351653L, -614686422L, -2688436L, 933586447L, 
396708165L, -761343236L, 793659730L, 1227120333L, 1309914759L, 
1707729262L, -312247480L, 2107588427L, 1216972457L, 1594629112L, 
602268454L, -835877823L, -969439789L, 565618562L, -1082627148L, 
283173687L, -478551507L, 1416086340L, -673027990L, -344730923L, 
1043311727L, -219945610L, -1149989216L, -1357083805L, 796073985L, 
-1075909776L, -1934114034L, -477758087L, -1240524533L, -789263814L, 
946921788L, 2079321727L, -1366542891L, 1114057708L, 75386178L, 
-1995885923L, 17555223L, -1013956994L, -141476296L, 975653147L, 
-89444743L, -717854008L, -1561945354L, -759885007L, 1871364963L, 
1104582962L, -1957385596L, 991839943L, -878146147L, 874072340L, 
859006906L, 1896305157L, -1793588257L, -1700742554L, 1559836144L, 
1894347539L, -1353409359L, -1494016160L, -1640710914L, 928947337L, 
942185403L, -639699574L, 1649841260L, 1180347887L, -1385454043L, 
156426972L, 1683994802L, -2088633427L, 1789247335L, 835349646L, 
1919215976L, 47372651L, 15579913L, -212480616L, -1947050810L, 
-54573535L, 1829496499L, 940166178L, 1794037268L, -1435940201L, 
2024645773L, 435333540L, -596044918L, -934592523L, -1724748209L, 
1947949398L, 789586944L, -1500533437L, -1415560991L, -3138992L, 
364660398L, 2083680857L, -692577685L, -1148317734L, 437006492L, 
1301324447L, -815673099L, 772585868L, -1491684254L, 296416317L, 
-1974847817L, 224646494L, 1981086872L, 556632059L, 291040665L, 
16182824L, 106100438L, -577567919L, -1633499645L, -416773742L, 
38991652L, -429737497L, -625027523L, -580542284L, 1390728986L, 
-2006033307L, 332223743L, 375977350L, 801729296L, 1131769779L, 
-827001775L, 654235648L, -1271043874L, 405092322L, -493184152L, 
-1813600436L, 762542844L, -1038880014L, -424374016L, 452703348L, 
-67487224L, -1374756422L, -1921836592L, 274928620L, -1734281324L, 
487072978L, 1955442784L, 1404361036L, -1619919072L, 1051853442L, 
-1813138968L, -2103507988L, 2061549116L, -920751502L, -1573652624L, 
-2095759068L, -1089618376L, 1135709594L, 2092144080L, 191377852L, 
-1300604268L, -803039614L, 1510644160L, -311517380L, -386914672L, 
-628989150L, -1120621048L, 671147788L, 501301148L, 1967323154L, 
-763485312L, -838238444L, 1148676392L, -1257695174L, 685590480L, 
-1823481236L, -2120784844L, -1717785454L, -1378577056L, 1265762636L, 
1909850592L, 1276442530L, 349101992L, 1114811532L, 702278588L, 
331710578L, -1615416336L, 1242980420L, 1832989784L, 1259055162L, 
1163837552L, 1438083644L, 380267284L, 748797634L, 934059744L, 
-950279044L, 712650960L, -283622494L, 1455702568L, 1552833804L, 
125897660L, 1090121010L, 226845888L, 1781661236L, -1260435768L, 
-399880518L, 646318224L, 1215851244L, 1383629396L, 1868490386L, 
137624352L, 2076883916L, -367553312L, -1602069822L, -1045446616L, 
333341612L, -1031286084L, -1908613646L, 946417200L, 289163172L, 
-925211208L, 620922714L, -1844066160L, -2010397828L, 864426772L, 
1226662210L, 1204241152L, 479373244L, -1119960240L, -138777310L, 
-833128888L, -147568628L, -1733859236L, -863653422L, 1225773568L, 
-1162733228L, -87571224L, 431013114L, 291053264L, 289187116L, 
-1800722188L, 1118424466L, -1737952928L, -1263366132L, -1512548640L, 
2096695906L, -2078890328L, 55658060L, 1432216444L, -206936782L, 
-335047056L, -1171182780L, -1123195944L, -866947206L, -151459280L, 
-1824707652L, 862605908L, 1421386818L, 1701019808L, -803661124L, 
494222800L, 1593902946L, 1478150888L, -221268788L, 650350076L, 
-585090574L, 1402959488L, 220689908L, -593554808L, -2133344454L, 
-1960509616L, 10861676L, 1351415188L, 1497269330L, 691608032L, 
-742077236L, -1976432480L, -1727280766L, 1470257384L, -1289880852L, 
1106961724L, 1341400178L, -961164176L, -134613980L, -514584520L, 
-473242854L, -370694960L, 707597116L, -1243873388L, -792791166L, 
920612288L, 346141244L, -596125296L, -1917660638L, 218549512L, 
-879336820L, -645937380L, 15083666L, 1863436672L, 1402898964L, 
-1172937944L, -46981574L, -2132913712L, 367261036L, 722856884L, 
1710812178L, -156296736L, 1153842124L, -1939642144L, 1701208098L, 
1813499176L, -1899614708L, 1646910268L, 583787506L, -2092368144L, 
409698884L, 2101177944L, 1058685754L, -1404714512L, -1336676676L, 
1530727700L, -1894017342L, -1260660640L, 785545084L, 634469328L, 
-1231336158L, 1399277224L, 1617550220L, -1223603012L, -2014558414L, 
606337600L, 640594100L, -1127040440L, -113726022L, -1185852912L, 
-1940474132L, -1403845292L, -579578606L, -4109920L, 833648332L, 
-1137164704L, 480611266L, -511259864L, 676932524L, 329400124L, 
-1890583182L, 1548644144L, 24106276L, 1808020280L, -1194840358L, 
415046544L, 1037306620L, 1915401108L, 1474379842L, -428379904L, 
1717541948L, -706677424L, -1467445086L, -343521976L, -914236660L, 
-131977705L, -2066316063L, 1660297766L, 1721877284L, 1042123733L, 
-300070017L, -379032040L, -697748170L, 1925254083L, -677932539L, 
-426153566L, -588780144L, -414802631L, 575420907L, -599893284L, 
-1990435062L, -730869249L, -394315703L, 1969344990L, 1000372620L, 
44373341L, -774351513L, 924780176L, -1773033298L, -121599653L, 
17489213L, -1923027030L, -1246222264L, 5046385L, 817679843L, 
2114717924L, -1963719662L, 1444474855L, -1837803599L, -634123786L, 
1403384852L, -1698780379L, -2014581713L, 1664351720L, 1318460102L, 
828064627L, 596020181L, 128250802L, -1897798272L, 1755585897L, 
-1301229093L, -524732116L, 747879226L, -1557006865L, 1945448569L, 
-24659186L, 1562881756L, -2010882739L, -2099818313L, -265663936L, 
446272286L, -230581781L, 864245101L, -1985987622L, 211463576L, 
-1944513535L, 181945779L, 1599769812L, 120445410L, 1501541495L, 
2131077569L, -1330949306L, 1634057860L, -1369331659L, 485242911L, 
-1798504584L, -544704938L, 600115939L, 959851685L, -1486326462L, 
1348879152L, -1249859751L, 1715629259L, -279274180L, -753419926L, 
762614687L, -1260736983L, -109645634L, -1638118996L, 1258198781L, 
508334663L, -1150025424L, -989271474L, -286723461L, -1146015267L, 
1647507466L, 1733028136L, -1067329647L, 1350875523L, -1976478076L, 
-1118124878L, 1120932871L, -1761574831L, 1463070678L, -1212604748L, 
735837893L, 528437263L, 326844552L, -135822938L, -351110829L, 
95718069L, -1357258734L, -8326688L, -1097358263L, -157453701L, 
954694476L, -1865371942L, -1057881393L, -924999015L, -878694738L, 
941042620L, 1937134637L, -1752908841L, 473797152L, -914836610L, 
466443595L, -521953459L, 1145369978L, 1928308664L, -165741215L, 
864825619L, 851167540L, 1285636930L, -702450857L, 1602933409L, 
472851302L, 278764900L, 1693157525L, 929581503L, -212001448L, 
-654859402L, 1392599427L, -452664379L, -1273857822L, 1594178896L, 
